                                UNSPLINED        SPLINED       RESTRAINED      UNRESTRAINED     RESTRAINED      UNRESTRAINED

    REF. COEFF.      CX         0.000000E+00    0.000000E+00     0.000000E+00    0.000000E+00     0.000000E+00    0.000000E+00
                     CY         0.000000E+00    0.000000E+00     0.000000E+00    0.000000E+00     0.000000E+00    0.000000E+00
                     CZ        -7.352438E-03   -7.352438E-03    -7.172747E-03   -8.558536E-03     0.000000E+00   -8.558536E-03
                     CMX        0.000000E+00    0.000000E+00     0.000000E+00    0.000000E+00     0.000000E+00    0.000000E+00
                     CMY       -7.193793E-03   -7.193793E-03    -6.958720E-03   -8.269836E-03     0.000000E+00   -8.269836E-03
                     CMZ        0.000000E+00    0.000000E+00     0.000000E+00    0.000000E+00     0.000000E+00    0.000000E+00

    ANGLEA           CX         0.000000E+00    0.000000E+00     0.000000E+00    0.000000E+00     0.000000E+00    0.000000E+00
                     CY         0.000000E+00    0.000000E+00     0.000000E+00    0.000000E+00     0.000000E+00    0.000000E+00
                     CZ        -4.847343E+00   -4.847343E+00    -4.948395E+00   -5.784028E+00     0.000000E+00   -5.784028E+00
                     CMX        0.000000E+00    0.000000E+00     0.000000E+00    0.000000E+00     0.000000E+00    0.000000E+00
                     CMY       -3.884036E+00   -3.884036E+00    -3.932767E+00   -4.727815E+00     0.000000E+00   -4.727815E+00
                     CMZ        0.000000E+00    0.000000E+00     0.000000E+00    0.000000E+00     0.000000E+00    0.000000E+00

    PITCH            CX         0.000000E+00    0.000000E+00     0.000000E+00    0.000000E+00     0.000000E+00    0.000000E+00
                     CY         0.000000E+00    0.000000E+00     0.000000E+00    0.000000E+00     0.000000E+00    0.000000E+00
                     CZ        -9.054007E+00   -9.054007E+00    -7.610600E+00   -9.303935E+00     0.000000E+00   -9.303935E+00
                     CMX        0.000000E+00    0.000000E+00     0.000000E+00    0.000000E+00     0.000000E+00    0.000000E+00
                     CMY       -1.014717E+01   -1.014717E+01    -8.767525E+00   -1.035855E+01     0.000000E+00   -1.035855E+01
                     CMZ        0.000000E+00    0.000000E+00     0.000000E+00    0.000000E+00     0.000000E+00    0.000000E+00

    URDD3            CX         0.000000E+00    0.000000E+00     0.000000E+00    0.000000E+00     0.000000E+00    0.000000E+00
                     CY         0.000000E+00    0.000000E+00     0.000000E+00    0.000000E+00     0.000000E+00    0.000000E+00
                     CZ         0.000000E+00    0.000000E+00     2.447496E-03    0.000000E+00     3.475239E-02    0.000000E+00
                     CMX        0.000000E+00    0.000000E+00     0.000000E+00    0.000000E+00     0.000000E+00    0.000000E+00
                     CMY        0.000000E+00    0.000000E+00     2.469866E-03    0.000000E+00     7.581668E-03    0.000000E+00
                     CMZ        0.000000E+00    0.000000E+00     0.000000E+00    0.000000E+00     0.000000E+00    0.000000E+00
1                                                                          FEBRUARY  22, 2016  MSC Nastran 11/13/14   PAGE    49
                                                                                                                                    
0     HALF-SPAN MODEL, STATIC SYMMETRIC LOADING                                                              SUBCASE 3              

    TRIM VARIABLE   COEFFICIENT              RIGID                         ELASTIC                          INERTIAL
                                   UNSPLINED        SPLINED       RESTRAINED      UNRESTRAINED     RESTRAINED      UNRESTRAINED

    URDD5            CX         0.000000E+00    0.000000E+00     0.000000E+00    0.000000E+00     0.000000E+00    0.000000E+00
                     CY         0.000000E+00    0.000000E+00     0.000000E+00    0.000000E+00     0.000000E+00    0.000000E+00
                     CZ         0.000000E+00    0.000000E+00     5.183668E-02    0.000000E+00     7.581668E-02    0.000000E+00
                     CMX        0.000000E+00    0.000000E+00     0.000000E+00    0.000000E+00     0.000000E+00    0.000000E+00
                     CMY        0.000000E+00    0.000000E+00     4.722088E-02    0.000000E+00     4.044168E-01    0.000000E+00
                     CMZ        0.000000E+00    0.000000E+00     0.000000E+00    0.000000E+00     0.000000E+00    0.000000E+00

    ELEV             CX         0.000000E+00    0.000000E+00     0.000000E+00    0.000000E+00     0.000000E+00    0.000000E+00
                     CY         0.000000E+00    0.000000E+00     0.000000E+00    0.000000E+00     0.000000E+00    0.000000E+00
                     CZ        -6.346357E-01   -6.346357E-01    -8.386443E-01   -8.802658E-01     0.000000E+00   -8.802658E-01
                     CMX        0.000000E+00    0.000000E+00     0.000000E+00    0.000000E+00     0.000000E+00    0.000000E+00
                     CMY        2.377724E-01    2.377724E-01     5.435301E-02    1.053138E-02     0.000000E+00    1.053138E-02
                     CMZ        0.000000E+00    0.000000E+00     0.000000E+00    0.000000E+00     0.000000E+00    0.000000E+00
1                                                                          FEBRUARY  22, 2016  MSC Nastran 11/13/14   PAGE    50