 UNSPLINED        SPLINED       RESTRAINED      UNRESTRAINED     RESTRAINED      UNRESTRAINED

    REF. COEFF.      CX         0.000000E+00    0.000000E+00     0.000000E+00    0.000000E+00     0.000000E+00    0.000000E+00
                     CY         0.000000E+00    0.000000E+00     0.000000E+00    0.000000E+00     0.000000E+00    0.000000E+00
                     CZ        -8.420293E-03   -8.420293E-03    -8.463295E-03   -8.508361E-03     0.000000E+00   -8.508361E-03
                     CMX        0.000000E+00    0.000000E+00     0.000000E+00    0.000000E+00     0.000000E+00    0.000000E+00
                     CMY       -6.006734E-03   -6.006734E-03    -6.030015E-03   -6.062291E-03     0.000000E+00   -6.062291E-03
                     CMZ        0.000000E+00    0.000000E+00     0.000000E+00    0.000000E+00     0.000000E+00    0.000000E+00

    ANGLEA           CX         0.000000E+00    0.000000E+00     0.000000E+00    0.000000E+00     0.000000E+00    0.000000E+00
                     CY         0.000000E+00    0.000000E+00     0.000000E+00    0.000000E+00     0.000000E+00    0.000000E+00
                     CZ        -5.070748E+00   -5.070748E+00    -5.103005E+00   -5.127035E+00     0.000000E+00   -5.127035E+00
                     CMX        0.000000E+00    0.000000E+00     0.000000E+00    0.000000E+00     0.000000E+00    0.000000E+00
                     CMY       -2.870152E+00   -2.870152E+00    -2.888365E+00   -2.905723E+00     0.000000E+00   -2.905723E+00
                     CMZ        0.000000E+00    0.000000E+00     0.000000E+00    0.000000E+00     0.000000E+00    0.000000E+00

    PITCH            CX         0.000000E+00    0.000000E+00     0.000000E+00    0.000000E+00     0.000000E+00    0.000000E+00
                     CY         0.000000E+00    0.000000E+00     0.000000E+00    0.000000E+00     0.000000E+00    0.000000E+00
                     CZ        -1.207214E+01   -1.207214E+01    -1.208447E+01   -1.215611E+01     0.000000E+00   -1.215611E+01
                     CMX        0.000000E+00    0.000000E+00     0.000000E+00    0.000000E+00     0.000000E+00    0.000000E+00
                     CMY       -9.951107E+00   -9.951107E+00    -9.953451E+00   -1.000425E+01     0.000000E+00   -1.000425E+01
                     CMZ        0.000000E+00    0.000000E+00     0.000000E+00    0.000000E+00     0.000000E+00    0.000000E+00

    URDD3            CX         0.000000E+00    0.000000E+00     0.000000E+00    0.000000E+00     0.000000E+00    0.000000E+00
                     CY         0.000000E+00    0.000000E+00     0.000000E+00    0.000000E+00     0.000000E+00    0.000000E+00
                     CZ         0.000000E+00    0.000000E+00     3.154124E-03    0.000000E+00     1.000000E+00    0.000000E+00
                     CMX        0.000000E+00    0.000000E+00     0.000000E+00    0.000000E+00     0.000000E+00    0.000000E+00
                     CMY        0.000000E+00    0.000000E+00     2.368114E-03    0.000000E+00     2.181625E-01    0.000000E+00
                     CMZ        0.000000E+00    0.000000E+00     0.000000E+00    0.000000E+00     0.000000E+00    0.000000E+00
1                                                                          FEBRUARY  22, 2016  MSC Nastran 11/13/14   PAGE    21
                                                                                                                                    
0     HALF-SPAN MODEL, STATIC SYMMETRIC LOADING                                                              SUBCASE 1              

    TRIM VARIABLE   COEFFICIENT              RIGID                         ELASTIC                          INERTIAL
                                   UNSPLINED        SPLINED       RESTRAINED      UNRESTRAINED     RESTRAINED      UNRESTRAINED

    URDD5            CX         0.000000E+00    0.000000E+00     0.000000E+00    0.000000E+00     0.000000E+00    0.000000E+00
                     CY         0.000000E+00    0.000000E+00     0.000000E+00    0.000000E+00     0.000000E+00    0.000000E+00
                     CZ         0.000000E+00    0.000000E+00     5.904377E-02    0.000000E+00     2.181625E+00    0.000000E+00
                     CMX        0.000000E+00    0.000000E+00     0.000000E+00    0.000000E+00     0.000000E+00    0.000000E+00
                     CMY        0.000000E+00    0.000000E+00     3.949042E-02    0.000000E+00     1.163709E+01    0.000000E+00
                     CMZ        0.000000E+00    0.000000E+00     0.000000E+00    0.000000E+00     0.000000E+00    0.000000E+00

    ELEV             CX         0.000000E+00    0.000000E+00     0.000000E+00    0.000000E+00     0.000000E+00    0.000000E+00
                     CY         0.000000E+00    0.000000E+00     0.000000E+00    0.000000E+00     0.000000E+00    0.000000E+00
                     CZ        -2.461946E-01   -2.461946E-01    -2.538123E-01   -2.520216E-01     0.000000E+00   -2.520216E-01
                     CMX        0.000000E+00    0.000000E+00     0.000000E+00    0.000000E+00     0.000000E+00    0.000000E+00
                     CMY        5.715111E-01    5.715111E-01     5.666377E-01    5.677721E-01     0.000000E+00    5.677721E-01
                     CMZ        0.000000E+00    0.000000E+00     0.000000E+00    0.000000E+00     0.000000E+00    0.000000E+00