                                   UNSPLINED        SPLINED       RESTRAINED      UNRESTRAINED     RESTRAINED      UNRESTRAINED

    REF. COEFF.      CX         0.000000E+00    0.000000E+00     0.000000E+00    0.000000E+00     0.000000E+00    0.000000E+00
                     CY         0.000000E+00    0.000000E+00     0.000000E+00    0.000000E+00     0.000000E+00    0.000000E+00
                     CZ        -8.420293E-03   -8.420293E-03    -1.033311E-02   -1.265388E-02     0.000000E+00   -1.265388E-02
                     CMX        0.000000E+00    0.000000E+00     0.000000E+00    0.000000E+00     0.000000E+00    0.000000E+00
                     CMY       -6.006734E-03   -6.006734E-03    -7.073180E-03   -8.677410E-03     0.000000E+00   -8.677410E-03
                     CMZ        0.000000E+00    0.000000E+00     0.000000E+00    0.000000E+00     0.000000E+00    0.000000E+00

    ANGLEA           CX         0.000000E+00    0.000000E+00     0.000000E+00    0.000000E+00     0.000000E+00    0.000000E+00
                     CY         0.000000E+00    0.000000E+00     0.000000E+00    0.000000E+00     0.000000E+00    0.000000E+00
                     CZ        -5.070748E+00   -5.070748E+00    -6.463656E+00   -7.772345E+00     0.000000E+00   -7.772345E+00
                     CMX        0.000000E+00    0.000000E+00     0.000000E+00    0.000000E+00     0.000000E+00    0.000000E+00
                     CMY       -2.870152E+00   -2.870152E+00    -3.666681E+00   -4.576291E+00     0.000000E+00   -4.576291E+00
                     CMZ        0.000000E+00    0.000000E+00     0.000000E+00    0.000000E+00     0.000000E+00    0.000000E+00

    PITCH            CX         0.000000E+00    0.000000E+00     0.000000E+00    0.000000E+00     0.000000E+00    0.000000E+00
                     CY         0.000000E+00    0.000000E+00     0.000000E+00    0.000000E+00     0.000000E+00    0.000000E+00
                     CZ        -1.207214E+01   -1.207214E+01    -1.285498E+01   -1.609907E+01     0.000000E+00   -1.609907E+01
                     CMX        0.000000E+00    0.000000E+00     0.000000E+00    0.000000E+00     0.000000E+00    0.000000E+00
                     CMY       -9.951107E+00   -9.951107E+00    -1.027185E+01   -1.249655E+01     0.000000E+00   -1.249655E+01
                     CMZ        0.000000E+00    0.000000E+00     0.000000E+00    0.000000E+00     0.000000E+00    0.000000E+00

    URDD3            CX         0.000000E+00    0.000000E+00     0.000000E+00    0.000000E+00     0.000000E+00    0.000000E+00
                     CY         0.000000E+00    0.000000E+00     0.000000E+00    0.000000E+00     0.000000E+00    0.000000E+00
                     CZ         0.000000E+00    0.000000E+00     3.634741E-03    0.000000E+00     3.333333E-02    0.000000E+00
                     CMX        0.000000E+00    0.000000E+00     0.000000E+00    0.000000E+00     0.000000E+00    0.000000E+00
                     CMY        0.000000E+00    0.000000E+00     2.623365E-03    0.000000E+00     7.272083E-03    0.000000E+00
                     CMZ        0.000000E+00    0.000000E+00     0.000000E+00    0.000000E+00     0.000000E+00    0.000000E+00
1                                                                          FEBRUARY  22, 2016  MSC Nastran 11/13/14   PAGE    35
                                                                                                                                    
0     HALF-SPAN MODEL, STATIC SYMMETRIC LOADING                                                              SUBCASE 2              

    TRIM VARIABLE   COEFFICIENT              RIGID                         ELASTIC                          INERTIAL
                                   UNSPLINED        SPLINED       RESTRAINED      UNRESTRAINED     RESTRAINED      UNRESTRAINED

    URDD5            CX         0.000000E+00    0.000000E+00     0.000000E+00    0.000000E+00     0.000000E+00    0.000000E+00
                     CY         0.000000E+00    0.000000E+00     0.000000E+00    0.000000E+00     0.000000E+00    0.000000E+00
                     CZ         0.000000E+00    0.000000E+00     7.245505E-02    0.000000E+00     7.272083E-02    0.000000E+00
                     CMX        0.000000E+00    0.000000E+00     0.000000E+00    0.000000E+00     0.000000E+00    0.000000E+00
                     CMY        0.000000E+00    0.000000E+00     4.701595E-02    0.000000E+00     3.879031E-01    0.000000E+00
                     CMZ        0.000000E+00    0.000000E+00     0.000000E+00    0.000000E+00     0.000000E+00    0.000000E+00

    ELEV             CX         0.000000E+00    0.000000E+00     0.000000E+00    0.000000E+00     0.000000E+00    0.000000E+00
                     CY         0.000000E+00    0.000000E+00     0.000000E+00    0.000000E+00     0.000000E+00    0.000000E+00
                     CZ        -2.461946E-01   -2.461946E-01    -5.431197E-01   -5.220827E-01     0.000000E+00   -5.220827E-01
                     CMX        0.000000E+00    0.000000E+00     0.000000E+00    0.000000E+00     0.000000E+00    0.000000E+00
                     CMY        5.715111E-01    5.715111E-01     3.860207E-01    3.955819E-01     0.000000E+00    3.955819E-01
                     CMZ        0.000000E+00    0.000000E+00     0.000000E+00    0.000000E+00     0.000000E+00    0.000000E+00
1                                                                          FEBRUARY  22, 2016  MSC Nastran 11/13/14   PAGE    36